%  NORTH  EAST    ELEV     FA       BG(2.35)  rd -200N has been interpolated to 635N          
%   (m)     (m)    (m)     mgal      mgal               
LINE 635                                               
     635    -5000   510.72    19.37   -30.93
     635    -4900   511.05    19.36   -30.97
     635    -4800   511.51    19.34   -31.04
     635    -4700   512.08    19.41   -31.02
     635    -4600   512.83    19.44   -31.07
     635    -4500   513.38    19.49   -31.07
     635    -4400   514.69    19.66   -31.03
     635    -4300   514.99    19.63   -31.09
     635    -4200   515.84    19.65   -31.15
     635    -4100   517.46    19.82   -31.14
     635    -4000   517.94    19.89   -31.12
     635    -3900   518.64    19.97   -31.11
     635    -3800   519.66    20.11   -31.07
     635    -3700   521.21    20.31   -31.02
     635    -3600   523.20    20.53   -31.00
     635    -3500   523.92    20.58   -31.02
     635    -3450   524.20    20.59   -31.04
     635    -3400   524.47    20.66   -30.99
     635    -3350   524.77    20.68   -31.00
     635    -3300   525.46    20.74   -31.01
     635    -3250   526.55    20.86   -31.00
     635    -3200   527.86    20.97   -31.02
     635    -3150   528.67    21.02   -31.05
     635    -3100   529.66    21.11   -31.06
     635    -3050   531.57    21.38   -30.97
     635    -3000   532.75    21.47   -31.00
     635    -2950   533.16    21.49   -31.02
     635    -2900   534.30    21.66   -30.96
     635    -2850   535.84    21.72   -31.05
     635    -2800   537.21    21.87   -31.04
     635    -2750   538.16    21.94   -31.06
     635    -2700   539.09    22.08   -31.01
     635    -2650   539.92    22.16   -31.02
     635    -2600   541.73    22.44   -30.91
     635    -2550   543.10    22.56   -30.93
     635    -2500   544.95    22.73   -30.94
     635    -2450   546.39    22.89   -30.92
     635    -2400   548.73    23.04   -31.00
     635    -2350   550.73    23.25   -30.99
     635    -2300   550.88    23.20   -31.06
     635    -2250   550.48    23.09   -31.13
     635    -2200   550.66    23.27   -30.96
     635    -2150   552.09    23.33   -31.04
     635    -2100   553.69    23.54   -30.99
     635    -2050   555.58    23.70   -31.02
     635    -2000   557.63    23.93   -30.99
     635    -1950   560.01    24.16   -30.99
     635    -1900   561.91    24.32   -31.02
     635    -1850   562.96    24.48   -30.97
     635    -1800   564.70    24.66   -30.96
     635    -1750   567.21    24.91   -30.95
     635    -1700   569.19    25.15   -30.91
     635    -1650   569.70    25.26   -30.85
     635    -1600   570.05    25.37   -30.77
     635    -1550   570.29    25.35   -30.82
     635    -1500   571.09    25.57   -30.68
     635    -1450   572.84    25.63   -30.79
     635    -1400   573.97    25.70   -30.83
     635    -1350   575.65    25.88   -30.82
     635    -1300   575.79    25.90   -30.81
     635    -1250   574.85    25.94   -30.68
     635    -1200   575.80    26.04   -30.67
     635    -1150   576.08    26.01   -30.73
     635    -1100   576.10    26.06   -30.68
     635    -1050   576.01    26.11   -30.62
     635    -1000   575.74    26.07   -30.63
     635     -950   574.88    25.96   -30.66
     635     -900   575.00    25.98   -30.65
     635     -850   575.59    26.07   -30.62
     635     -800   575.51    26.04   -30.64
     635     -700   574.07    25.95   -30.59
     635     -700   574.42    25.96   -30.61
     635     -650   572.67    25.83   -30.57
     635     -600   569.64    25.47   -30.63
     635     -550   569.40    25.48   -30.60
     635     -500   571.56    25.75   -30.54
     635     -450   573.08    25.91   -30.53
     635     -400   574.25    26.04   -30.52
     635     -350   575.39    26.19   -30.48
     635     -300   576.30    26.32   -30.44
     635     -250   576.58    26.27   -30.52
     635     -200   575.92    26.25   -30.47
     635     -150   575.02    26.22   -30.41
     635     -100   575.71    26.27   -30.43
     635      -50   576.03    26.33   -30.40
     635        0   574.63    26.14   -30.45
     635       50   574.67    26.20   -30.40
     635      100   574.65    26.32   -30.28
     635      150   575.74    26.43   -30.27
     635      200   574.75    26.30   -30.31
     635      250   575.81    26.48   -30.23
     635      300   576.99    26.52   -30.31
     635      350   578.16    26.72   -30.22
     635      400   581.15    27.06   -30.18
     635      450   582.24    27.23   -30.11
     635      500   584.07    27.32   -30.20
     635      550   583.17    27.39   -30.05
     635      600   583.60    27.38   -30.10
     635      650   584.55    27.57   -30.00
     635      700   583.93    27.51   -30.00
     635      750   584.03    27.46   -30.06
     635      800   583.54    27.51   -29.96
     635      850   583.92    27.57   -29.94
     635      900   582.41    27.43   -29.93
     635      950   580.21    27.24   -29.90
     635     1000   579.09    27.10   -29.93
     635     1050   578.93    27.02   -30.00
     635     1100   578.69    27.00   -29.99
     635     1150   579.10    27.07   -29.96
     635     1200   579.81    27.10   -30.00
     635     1250   578.95    27.08   -29.94
     635     1300   578.25    27.09   -29.86
     635     1350   577.61    27.06   -29.83
     635     1400   576.15    26.96   -29.78
     635     1450   575.01    26.74   -29.89
     635     1500   573.86    26.66   -29.86
     635     1550   571.93    26.53   -29.80
     635     1600   569.05    26.23   -29.82
     635     1650   566.58    26.02   -29.78
     635     1700   565.04    25.89   -29.76
     635     1750   564.67    25.89   -29.72
     635     1800   563.65    25.83   -29.68
     635     1850   562.13    25.65   -29.71
     635     1900   561.53    25.60   -29.70
     635     1950   561.37    25.63   -29.66
     635     2000   559.96    25.41   -29.74
     635     2050   557.73    25.23   -29.70
     635     2100   555.21    24.89   -29.79
     635     2150   553.57    24.76   -29.76
     635     2200   552.64    24.63   -29.80
     635     2250   550.70    24.41   -29.83
     635     2300   548.26    24.19   -29.81
     635     2350   545.14    23.80   -29.89
     635     2400   542.45    23.56   -29.87
     635     2450   540.42    23.37   -29.86
     635     2500   539.03    23.26   -29.83
     635     2560   537.43    23.13   -29.80
     635     2567   532.15    22.63   -29.78
     635     2600   535.54    22.96   -29.78
     635     2650   533.09    22.64   -29.86
    -200     2699   528.66    22.31   -29.76
    -200     2749   527.37    22.16   -29.78
    -200     2799   526.45    22.11   -29.74
    -200     2849   525.76    22.04   -29.74
    -200     2899   525.34    21.98   -29.76
    -200     2949   525.06    21.94   -29.77
    -200     2999   525.51    22.02   -29.74
    -200     3049   526.64    22.10   -29.77
    -200     3099   526.44    22.09   -29.76
    -200     3149   525.00    21.98   -29.73
    -200     3199   524.56    21.90   -29.76
    -200     3249   523.20    21.80   -29.73
    -200     3299   522.06    21.68   -29.74
    -200     3349   521.05    21.59   -29.73
    -200     3399   520.28    21.53   -29.71
    -200     3449   519.57    21.46   -29.71
    -200     3499   518.29    21.36   -29.69
    -200     3599   517.10    21.24   -29.69
    -200     3699   516.88    21.19   -29.72
    -200     3799   517.06    21.26   -29.66
    -200     3899   517.01    21.29   -29.63
    -200     3999   516.66    21.25   -29.64
    -200     4099   516.65    21.25   -29.63
    -200     4199   515.75    21.14   -29.66
    -200     4299   515.21    21.09   -29.65
    -200     4399   515.08    21.05   -29.68
    -200     4499   515.22    21.10   -29.64
    -200     4599   516.22    21.18   -29.66
